$ 1 0.000005 10.20027730826997 54 5 43 5e-11
t 96 240 144 240 2 1 -6.1753368208625545 0.6215382398126754 100 default
t 176 240 224 240 2 1 -6.1753368208625545 0.6215382398126754 100 default
t 272 240 320 240 2 1 -6.1753368208625545 0.6215382398126754 100 default
t 368 240 416 240 2 1 -6.1753368208625545 0.6215382398126754 100 default
t 448 240 496 240 2 1 -6.1753368208625545 0.6215382398126754 100 default
w 96 240 96 160 0
w 176 240 176 160 0
w 272 240 272 160 0
w 448 240 448 160 0
w 368 160 272 160 0
w 272 160 176 160 0
w 176 160 96 160 0
w 368 240 368 160 0
w 368 160 448 160 0
w 144 224 144 128 0
w 224 224 224 128 0
w 320 224 320 128 0
w 416 224 416 128 0
w 496 224 496 128 0
r 416 256 416 352 0 500
r 496 256 496 352 0 500
r 320 256 320 352 0 500
r 224 256 224 352 0 500
r 144 256 144 352 0 500
w 144 352 224 352 0
w 224 352 320 352 0
w 320 352 416 352 0
w 416 352 496 352 0
g 320 448 320 512 0 0
r 272 -112 272 -32 0 500
w 272 -112 336 -112 0
v 384 -112 336 -112 0 0 40 15 0 0 0.5
w 384 -112 608 -112 0
w 608 -112 608 352 0
w 608 352 496 352 0
w 80 352 144 352 0
w 144 128 272 32 1
w 224 128 272 32 1
w 320 128 272 32 1
w 416 128 272 32 1
w 496 128 272 32 1
370 272 -32 272 32 1 0 0
370 16 320 16 160 1 0 0
w 80 352 80 416 0
w 16 320 -80 320 0
w -80 320 -80 432 0
a 80 432 -80 432 8 2 0 1000000 0 1 100000
w 16 160 96 160 0
v 320 448 80 448 0 0 40 1 0 0 0.5
370 320 352 320 448 1 0 0
r -96 160 -96 96 0 4000
403 272 304 400 368 0 22_64_0_4099_1.25_0.003125_-1_2_22_3
403 272 304 400 368 0 22_64_0_4099_1.25_0.003125_-1_2_22_3
370 32 1328 32 1424 1 0 0
370 -16 944 -16 1008 1 0 0
w 208 1104 -16 1008 1
w 128 1104 -16 1008 1
w 32 1104 -16 1008 1
w -64 1104 -16 1008 1
w 320 1328 208 1328 0
w 96 864 320 864 0
v 96 864 48 864 0 0 40 9 0 0 0.5
w -16 864 48 864 0
r -16 864 -16 944 0 500
g 32 1424 32 1488 0 0
w 128 1328 208 1328 0
w 32 1328 128 1328 0
w -64 1328 32 1328 0
w -144 1328 -64 1328 0
r -144 1232 -144 1328 0 500
r -64 1232 -64 1328 0 500
r 32 1232 32 1328 0 500
r 208 1232 208 1328 0 500
r 128 1232 128 1328 0 500
w 208 1200 208 1104 0
w 128 1200 128 1104 0
w 32 1200 32 1104 0
w -64 1200 -64 1104 0
w -144 1200 -144 1104 0
w 80 1136 160 1136 0
w 80 1216 80 1136 0
w -112 1136 -192 1136 0
w -16 1136 -112 1136 0
w 80 1136 -16 1136 0
w 160 1216 160 1136 0
w -16 1216 -16 1136 0
w -112 1216 -112 1136 0
w -192 1216 -192 1136 0
t 160 1216 208 1216 2 1 -1.6975588883667156 0.6134776173170646 100 default
t 80 1216 128 1216 2 1 -1.6975588883667156 0.6134776173170646 100 default
t -16 1216 32 1216 2 1 -1.6975588883667156 0.6134776173170646 100 default
t -112 1216 -64 1216 2 1 -1.6975588883667156 0.6134776173170646 100 default
t -192 1216 -144 1216 2 1 -1.6975588883667156 0.6134776173170646 100 default
w -512 1136 -192 1136 2
w -144 1104 -16 1008 1
w -640 832 -560 832 0
L -208 928 -208 992 0 1 false 5 0
L -240 928 -240 992 0 1 false 5 0
L -272 928 -272 992 0 1 false 5 0
L -304 928 -304 992 0 1 false 5 0
L -336 928 -336 992 0 1 false 5 0
L -368 928 -368 992 0 0 false 5 0
L -400 928 -400 992 0 0 false 5 0
L -432 928 -432 992 0 0 false 5 0
L -464 928 -464 992 0 1 false 5 0
L -496 928 -496 992 0 1 false 5 0
L -528 928 -528 992 0 0 false 5 0
L -560 928 -560 992 0 0 false 5 0
w -640 832 -640 1136 0
166 -592 864 -480 864 6144 12
w -640 1136 -512 1136 0
w -208 832 -16 832 2
w -16 832 -16 864 0
162 320 1104 320 1008 2 1N4004 1 1 1 0.01
w 320 864 320 1008 0
w 320 1104 320 1328 0
